[4683.97741635  243.96631246 5032.85820426][-5.39197159 -1.72615224  5.08279902]
[4683.97741635  243.96631246 5032.85820426][-5.39197159 -1.72615224  5.08279902]
[4683.97741635  243.96631246 5032.85820426][-5.39197159 -1.72615224  5.08279902]
[4683.97741635  243.96631246 5032.85820426][-5.39197159 -1.72615224  5.08279902]
[4683.97741635  243.96631246 5032.85820426][-5.39197159 -1.72615224  5.08279902]
[4683.97741635  243.96631246 5032.85820426][-5.39197159 -1.72615224  5.08279902]
[4683.97741635  243.96631246 5032.85820426][-5.39197159 -1.72615224  5.08279902]
[4683.97741635  243.96631246 5032.85820426][-5.39197159 -1.72615224  5.08279902]
[4683.97741635  243.96631246 5032.85820426][-5.39197159 -1.72615224  5.08279902]
[4683.97741635  243.96631246 5032.85820426][-5.39197159 -1.72615224  5.08279902]
[4618.86383854  223.23161801 5093.40629704][-5.46014217 -1.72957578  5.00838664]
[4618.86383854  223.23161801 5093.40629704][-5.46014217 -1.72957578  5.00838664]
[4618.86383854  223.23161801 5093.40629704][-5.46014217 -1.72957578  5.00838664]
[4618.86383854  223.23161801 5093.40629704][-5.46014217 -1.72957578  5.00838664]
[4618.86383854  223.23161801 5093.40629704][-5.46014217 -1.72957578  5.00838664]
[4618.86383854  223.23161801 5093.40629704][-5.46014217 -1.72957578  5.00838664]
[4618.86383854  223.23161801 5093.40629704][-5.46014217 -1.72957578  5.00838664]
[4618.86383854  223.23161801 5093.40629704][-5.46014217 -1.72957578  5.00838664]
[4618.86383854  223.23161801 5093.40629704][-5.46014217 -1.72957578  5.00838664]
[4618.86383854  223.23161801 5093.40629704][-5.46014217 -1.72957578  5.00838664]
4683.977416352791 243.9663124596393 5032.858204263581
4683.977416352791 243.9663124596393 5032.858204263581
4683.977416352791 243.9663124596393 5032.858204263581
4683.977416352791 243.9663124596393 5032.858204263581
4683.977416352791 243.9663124596393 5032.858204263581
4683.977416352791 243.9663124596393 5032.858204263581
4683.977416352791 243.9663124596393 5032.858204263581
4683.977416352791 243.9663124596393 5032.858204263581
4683.977416352791 243.9663124596393 5032.858204263581
4618.863838537066 223.2316180116133 5093.406297037857
4618.863838537066 223.2316180116133 5093.406297037857
4618.863838537066 223.2316180116133 5093.406297037857
4618.863838537066 223.2316180116133 5093.406297037857
4618.863838537066 223.2316180116133 5093.406297037857
4618.863838537066 223.2316180116133 5093.406297037857
4618.863838537066 223.2316180116133 5093.406297037857
4618.863838537066 223.2316180116133 5093.406297037857
4618.863838537066 223.2316180116133 5093.406297037857
4618.863838537066 223.2316180116133 5093.406297037857
1684.1568452757112 1228.7835836863205 -6562.298500594907
4683.977416352791 243.9663124596393 5032.858204263581
4683.977416352791 243.9663124596393 5032.858204263581
4683.977416352791 243.9663124596393 5032.858204263581
4683.977416352791 243.9663124596393 5032.858204263581
4683.977416352791 243.9663124596393 5032.858204263581
4683.977416352791 243.9663124596393 5032.858204263581
4683.977416352791 243.9663124596393 5032.858204263581
4683.977416352791 243.9663124596393 5032.858204263581
4683.977416352791 243.9663124596393 5032.858204263581
4618.863838537066 223.2316180116133 5093.406297037857
4618.863838537066 223.2316180116133 5093.406297037857
4618.863838537066 223.2316180116133 5093.406297037857
4618.863838537066 223.2316180116133 5093.406297037857
4618.863838537066 223.2316180116133 5093.406297037857
4618.863838537066 223.2316180116133 5093.406297037857
4618.863838537066 223.2316180116133 5093.406297037857
4618.863838537066 223.2316180116133 5093.406297037857
4618.863838537066 223.2316180116133 5093.406297037857
4618.863838537066 223.2316180116133 5093.406297037857
1684.1568452757112 1228.7835836863205 -6562.298500594907
4683.977416352791 243.9663124596393 5032.858204263581
4683.977416352791 243.9663124596393 5032.858204263581
4683.977416352791 243.9663124596393 5032.858204263581
4683.977416352791 243.9663124596393 5032.858204263581
4683.977416352791 243.9663124596393 5032.858204263581
4683.977416352791 243.9663124596393 5032.858204263581
4683.977416352791 243.9663124596393 5032.858204263581
4683.977416352791 243.9663124596393 5032.858204263581
4683.977416352791 243.9663124596393 5032.858204263581
4618.863838537066 223.2316180116133 5093.406297037857
4618.863838537066 223.2316180116133 5093.406297037857
4618.863838537066 223.2316180116133 5093.406297037857
4618.863838537066 223.2316180116133 5093.406297037857
4618.863838537066 223.2316180116133 5093.406297037857
4618.863838537066 223.2316180116133 5093.406297037857
4618.863838537066 223.2316180116133 5093.406297037857
4618.863838537066 223.2316180116133 5093.406297037857
4618.863838537066 223.2316180116133 5093.406297037857
4618.863838537066 223.2316180116133 5093.406297037857
1684.1568452757112 1228.7835836863205 -6562.298500594907
1684.1568452757112 1228.7835836863205 -6562.298500594907
1684.1568452757112 1228.7835836863205 -6562.298500594907
1684.1568452757112 1228.7835836863205 -6562.298500594907
1684.1568452757112 1228.7835836863205 -6562.298500594907
1684.1568452757112 1228.7835836863205 -6562.298500594907
1684.1568452757112 1228.7835836863205 -6562.298500594907
1684.1568452757112 1228.7835836863205 -6562.298500594907
1684.1568452757112 1228.7835836863205 -6562.298500594907
1684.1568452757112 1228.7835836863205 -6562.298500594907
4618.863838537066 223.2316180116133 5093.406297037857
4618.863838537066 223.2316180116133 5093.406297037857
4618.863838537066 223.2316180116133 5093.406297037857
4618.863838537066 223.2316180116133 5093.406297037857
4618.863838537066 223.2316180116133 5093.406297037857
4618.863838537066 223.2316180116133 5093.406297037857
4618.863838537066 223.2316180116133 5093.406297037857
4618.863838537066 223.2316180116133 5093.406297037857
4618.863838537066 223.2316180116133 5093.406297037857
4618.863838537066 223.2316180116133 5093.406297037857
4683.977416352791 243.9663124596393 5032.858204263581
1684.1568452757112 1228.7835836863205 -6562.298500594907
1684.1568452757112 1228.7835836863205 -6562.298500594907
1684.1568452757112 1228.7835836863205 -6562.298500594907
1684.1568452757112 1228.7835836863205 -6562.298500594907
1684.1568452757112 1228.7835836863205 -6562.298500594907
1684.1568452757112 1228.7835836863205 -6562.298500594907
1684.1568452757112 1228.7835836863205 -6562.298500594907
1684.1568452757112 1228.7835836863205 -6562.298500594907
1684.1568452757112 1228.7835836863205 -6562.298500594907
4618.863838537066 223.2316180116133 5093.406297037857
4618.863838537066 223.2316180116133 5093.406297037857
4618.863838537066 223.2316180116133 5093.406297037857
4618.863838537066 223.2316180116133 5093.406297037857
4618.863838537066 223.2316180116133 5093.406297037857
4618.863838537066 223.2316180116133 5093.406297037857
4618.863838537066 223.2316180116133 5093.406297037857
4618.863838537066 223.2316180116133 5093.406297037857
4618.863838537066 223.2316180116133 5093.406297037857
4618.863838537066 223.2316180116133 5093.406297037857
4683.977416352791 243.9663124596393 5032.858204263581
1512.0877311958218 -526.9223523018062 6682.672510838952
1512.0877311958218 -526.9223523018062 6682.672510838952
1512.0877311958218 -526.9223523018062 6682.672510838952
1512.0877311958218 -526.9223523018062 6682.672510838952
1512.0877311958218 -526.9223523018062 6682.672510838952
1512.0877311958218 -526.9223523018062 6682.672510838952
1512.0877311958218 -526.9223523018062 6682.672510838952
1512.0877311958218 -526.9223523018062 6682.672510838952
1512.0877311958218 -526.9223523018062 6682.672510838952
1512.0877311958218 -526.9223523018062 6682.672510838952
5921.171342325793 1472.8448749173378 -3198.124634107909
5921.171342325793 1472.8448749173378 -3198.124634107909
5921.171342325793 1472.8448749173378 -3198.124634107909
5921.171342325793 1472.8448749173378 -3198.124634107909
5921.171342325793 1472.8448749173378 -3198.124634107909
5921.171342325793 1472.8448749173378 -3198.124634107909
5921.171342325793 1472.8448749173378 -3198.124634107909
5921.171342325793 1472.8448749173378 -3198.124634107909
5921.171342325793 1472.8448749173378 -3198.124634107909
5921.171342325793 1472.8448749173378 -3198.124634107909
1512.0877311958218 -526.9223523018062 6682.672510838952
1512.0877311958218 -526.9223523018062 6682.672510838952
1512.0877311958218 -526.9223523018062 6682.672510838952
1512.0877311958218 -526.9223523018062 6682.672510838952
1512.0877311958218 -526.9223523018062 6682.672510838952
1512.0877311958218 -526.9223523018062 6682.672510838952
1512.0877311958218 -526.9223523018062 6682.672510838952
1512.0877311958218 -526.9223523018062 6682.672510838952
1512.0877311958218 -526.9223523018062 6682.672510838952
1512.0877311958218 -526.9223523018062 6682.672510838952
5921.171342325793 1472.8448749173378 -3198.124634107909
5921.171342325793 1472.8448749173378 -3198.124634107909
5921.171342325793 1472.8448749173378 -3198.124634107909
5921.171342325793 1472.8448749173378 -3198.124634107909
5921.171342325793 1472.8448749173378 -3198.124634107909
5921.171342325793 1472.8448749173378 -3198.124634107909
5921.171342325793 1472.8448749173378 -3198.124634107909
5921.171342325793 1472.8448749173378 -3198.124634107909
5921.171342325793 1472.8448749173378 -3198.124634107909
5921.171342325793 1472.8448749173378 -3198.124634107909
1512.0877311958218 -526.9223523018062 6682.672510838952
1512.0877311958218 -526.9223523018062 6682.672510838952
1512.0877311958218 -526.9223523018062 6682.672510838952
1512.0877311958218 -526.9223523018062 6682.672510838952
1512.0877311958218 -526.9223523018062 6682.672510838952
1512.0877311958218 -526.9223523018062 6682.672510838952
1512.0877311958218 -526.9223523018062 6682.672510838952
1512.0877311958218 -526.9223523018062 6682.672510838952
1512.0877311958218 -526.9223523018062 6682.672510838952
1512.0877311958218 -526.9223523018062 6682.672510838952
5921.171342325793 1472.8448749173378 -3198.124634107909
5921.171342325793 1472.8448749173378 -3198.124634107909
5921.171342325793 1472.8448749173378 -3198.124634107909
5921.171342325793 1472.8448749173378 -3198.124634107909
5921.171342325793 1472.8448749173378 -3198.124634107909
5921.171342325793 1472.8448749173378 -3198.124634107909
5921.171342325793 1472.8448749173378 -3198.124634107909
5921.171342325793 1472.8448749173378 -3198.124634107909
5921.171342325793 1472.8448749173378 -3198.124634107909
5921.171342325793 1472.8448749173378 -3198.124634107909
1512.0877311958218 -526.9223523018062 6682.672510838952
5921.171342325793 1472.8448749173378 -3198.124634107909
6718.284409616902 1495.077137465584 267.8395473009128
